# ============================================================
# SELF-CONTAINED PYTHON SCRIPT
# Figure: Correlation Matrix - Top 20 Genes with CTPS (No Overlap)
# For Colab, run: !pip install pandas numpy matplotlib seaborn
# ============================================================

import pandas as pd
import matplotlib.pyplot as plt
import seaborn as sns

sns.set(style='white')
plt.rcParams['figure.dpi'] = 120
plt.rcParams['savefig.dpi'] = 600
plt.rcParams['pdf.fonttype'] = 42
plt.rcParams['ps.fonttype'] = 42

genes = [
    'ACC', 'CPT2', 'Acsl', 'bgm', 'Cyt-c', 'IMPDH2 (CG14806)',
    'HIBCH (CG5044)', 'ATPsyn-β', 'COX5A', 'Drp1', 'Acon', 'COX4',
    'SPATA5 (CG5776)', 'BCS1 (CG4908)', 'COX18 (CG4942)',
    'Acyl-CoA oxidase (CG4586)', 'Ank2', 'IMPDH (CG14812)',
    'DLST (CG5214)', 'IDHy (CG5028)', 'CTPsyn'
]

corr_values = [
    [1.00, 0.96, 0.95, 0.98, 0.95, 0.76, 0.94, 0.72, 0.67, 0.48, 0.46, 0.46, 0.29, -0.10, -0.16, -0.10, -0.27, -0.34, -0.31, -0.40, 0.96],
    [0.96, 1.00, 0.98, 0.96, 0.86, 0.80, 0.87, 0.74, 0.51, 0.50, 0.38, 0.23, 0.29, -0.26, -0.27, -0.22, -0.23, -0.18, -0.50, -0.58, 0.96],
    [0.95, 0.98, 1.00, 0.98, 0.85, 0.84, 0.87, 0.70, 0.48, 0.38, 0.26, 0.17, 0.28, -0.32, -0.30, -0.10, -0.39, -0.16, -0.57, -0.70, 0.95],
    [0.98, 0.96, 0.98, 1.00, 0.91, 0.77, 0.94, 0.81, 0.58, 0.40, 0.34, 0.34, 0.31, -0.20, -0.18, 0.10, -0.40, -0.33, -0.40, -0.61, 0.95],
    [0.95, 0.86, 0.85, 0.91, 1.00, 0.74, 0.83, 0.59, 0.79, 0.57, 0.65, 0.60, 0.05, 0.20, 0.00, 0.12, 0.09, -0.31, -0.05, -0.20, 0.95],
    [0.76, 0.80, 0.84, 0.77, 0.74, 1.00, 0.57, 0.42, 0.58, 0.16, 0.16, 0.10, 0.03, 0.21, -0.05, -0.41, 0.31, 0.33, -0.51, -0.83, 0.83],
    [0.94, 0.87, 0.87, 0.94, 0.83, 0.57, 1.00, 0.72, 0.62, 0.32, 0.30, 0.51, 0.55, -0.23, 0.17, 0.06, -0.42, -0.05, -0.32, -0.40, 0.82],
    [0.72, 0.74, 0.70, 0.81, 0.59, 0.42, 0.72, 1.00, 0.03, 0.41, 0.18, 0.04, 0.17, 0.20, 0.16, 0.45, 0.47, -0.50, -0.57, -0.73, 0.73],
    [0.67, 0.51, 0.48, 0.58, 0.79, 0.58, 0.62, 0.03, 1.00, 0.49, 0.48, 0.50, 0.19, 0.30, -0.22, 0.34, 0.03, 0.17, 0.23, 0.11, 0.59],
    [0.48, 0.50, 0.38, 0.40, 0.57, 0.16, 0.32, 0.41, 0.49, 1.00, 0.91, 0.29, -0.36, 0.49, -0.54, -0.10, 0.60, -0.35, -0.27, -0.22, 0.52],
    [0.46, 0.38, 0.26, 0.34, 0.65, 0.16, 0.30, 0.18, 0.48, 0.91, 1.00, 0.60, -0.40, 0.74, -0.55, -0.15, 0.64, -0.03, -0.05, -0.40, 0.52],
    [0.46, 0.23, 0.17, 0.34, 0.60, 0.10, 0.51, 0.04, 0.50, 0.29, 0.60, 1.00, -0.17, 0.54, -0.20, 0.00, 0.15, -0.55, 0.60, 0.44, 0.32],
    [0.29, 0.29, 0.28, 0.31, 0.05, 0.03, 0.55, 0.17, 0.19, -0.36, -0.40, -0.17, 1.00, -0.69, -0.50, -0.05, -0.15, -0.34, -0.42, -0.38, 0.06],
    [-0.10, -0.26, -0.32, -0.20, 0.20, 0.21, -0.23, 0.20, 0.30, 0.49, 0.74, 0.54, -0.69, 1.00, 0.71, 0.08, 0.64, 0.20, 0.90, 0.78, 0.02],
    [-0.16, -0.27, -0.30, -0.18, 0.00, -0.05, 0.17, 0.16, -0.22, -0.54, -0.55, -0.20, -0.50, 0.71, 1.00, 0.61, 0.41, -0.58, 0.60, 0.50, 0.11],
    [-0.10, -0.22, -0.10, 0.10, 0.12, -0.41, 0.06, 0.45, 0.34, -0.10, -0.15, 0.00, -0.05, 0.08, 0.61, 1.00, 0.41, -0.60, 0.09, 0.10, 0.14],
    [-0.27, -0.23, -0.39, -0.40, 0.09, 0.31, -0.42, 0.47, 0.03, 0.60, 0.64, 0.15, -0.15, 0.64, 0.41, 0.41, 1.00, 0.10, 0.64, 0.78, -0.17],
    [-0.34, -0.18, -0.16, -0.33, -0.31, 0.33, -0.05, -0.50, 0.17, -0.35, -0.03, -0.55, -0.34, 0.20, -0.58, -0.60, 0.10, 1.00, 0.31, -0.11, -0.18],
    [-0.31, -0.50, -0.57, -0.40, -0.05, -0.51, -0.32, -0.57, 0.23, -0.27, -0.05, 0.60, -0.42, 0.90, 0.60, 0.09, 0.64, 0.31, 1.00, 0.94, -0.33],
    [-0.40, -0.58, -0.70, -0.61, -0.20, -0.83, -0.40, -0.73, 0.11, -0.22, -0.40, 0.44, -0.38, 0.78, 0.50, 0.10, 0.78, -0.11, 0.94, 1.00, -0.48],
    [0.96, 0.96, 0.95, 0.95, 0.95, 0.83, 0.82, 0.73, 0.59, 0.52, 0.52, 0.32, 0.06, 0.02, 0.11, 0.14, -0.17, -0.18, -0.33, -0.48, 1.00]
]

corr_df = pd.DataFrame(corr_values, index=genes, columns=genes)

# Create figure with larger size to prevent label and text overlap
plt.figure(figsize=(16, 14))

# Draw heatmap with smaller annotation font and adjusted tick labels
sns.heatmap(
    corr_df,
    cmap='coolwarm',
    annot=True,
    fmt='.2f',
    linewidths=1.0,               # thicker cell boundaries
    vmin=-0.7,
    vmax=1.0,
    annot_kws={'size': 7},        # smaller annotation text
    cbar_kws={'label': 'Pearson Correlation'}
)

plt.title('Correlation Matrix: Top 20 Genes with CTPS', fontsize=18)

# Rotate x-axis labels 45°, align right to avoid overlap
plt.xticks(rotation=45, ha='right', fontsize=10)
plt.yticks(rotation=0, fontsize=10)

# Use tight_layout with extra padding
plt.tight_layout(pad=1.5)

# Save high-resolution files
plt.savefig('ctps_top20_correlation_matrix_embedded.png', bbox_inches='tight', dpi=300)
plt.savefig('ctps_top20_correlation_matrix_embedded.pdf', bbox_inches='tight')

plt.show()

# Save the matrix as CSV for reference
corr_df.to_csv('ctps_top20_correlation_matrix_embedded.csv')
print('Saved files: ctps_top20_correlation_matrix_embedded.png, .pdf, .csv')
